CODEPRA	MA	CroplandFraction	FodderlandFraction	NPGFraction	PGFraction	ForestFraction
95330	741,35	1	0	0	0	0
45342	78051	0,93671	0,00044842	0,0041639	0,0022934	0,056383
45339	44482	0,93478	0,0029001	0,0056877	0,0060924	0,050541
78342	8571	0,92377	0	0,0040836	0,00058337	0,071565
28342	218420	0,91823	0,00065471	0,0066891	0,0057642	0,068659
45341	36966	0,91546	0,000027052	0,0033815	0,0012444	0,079891
28341	66367	0,90964	0,000060271	0,0065996	0,0058463	0,077855
80035	135710	0,90112	0,010088	0,0038906	0,022157	0,06274
59325	22393	0,88885	0,017103	0,010316	0,044522	0,039206
32384	33140	0,88212	0,0053411	0,047647	0,027822	0,037074
77339	31590	0,8718	0,0023649	0,0024151	0,0018993	0,12152
77058	34810	0,86798	0,0055157	0,0071532	0,0075266	0,11182
62326	94231	0,86486	0,02947	0,0067918	0,045495	0,053383
59326	55584	0,86377	0,031843	0,0049115	0,063687	0,035791
62324	11838	0,86292	0,045952	0,013093	0,070364	0,0076698
02034	200310	0,86249	0,0068344	0,0065249	0,04851	0,075642
16371	6787,3	0,8573	0,0058426	0,019941	0,0047147	0,1122
41341	101870	0,85596	0,0015314	0,0057622	0,004064	0,13268
77329	30724	0,84687	0,00039057	0,00094388	0,010741	0,14105
31391	111310	0,84618	0,0073577	0,046033	0,016207	0,084224
36434	112890	0,84453	0,00067325	0,013235	0,010949	0,13061
77335	31874	0,84345	0,0001431	0,00098636	0,0042669	0,15115
86349	17483	0,84061	0,0093805	0,056398	0,011611	0,082003
69195	1350,4	0,83205	0	0,0014811	0,046654	0,11981
16375	5626	0,8311	0,002133	0,029861	0,051191	0,085716
77060	24984	0,83105	0,0050432	0,012488	0,020213	0,13121
10317	124750	0,82344	0,0018918	0,04962	0,0099561	0,1151
32385	63226	0,81447	0,0040489	0,078607	0,038876	0,063999
91342	47410	0,81096	0,00068596	0,0025201	0,0024678	0,18336
47398	29863	0,80249	0,0096777	0,06463	0,039816	0,083391
10015	20164	0,80153	0,0056537	0,043792	0,031492	0,11754
81391	38680	0,79812	0,014142	0,07849	0,04819	0,061056
51317	307500	0,79445	0,0029073	0,085957	0,010858	0,10583
77337	34858	0,7935	0,00088932	0,0043605	0,0094096	0,19184
78334	18891	0,7912	0,0018527	0,0068285	0,039913	0,16021
51018	32543	0,79056	0,00012791	0,091909	0,0067296	0,11067
17374	67544	0,78938	0,023555	0,038731	0,070103	0,078234
51016	45707	0,7867	0,0018159	0,084408	0,017809	0,10926
10335	16349	0,77941	0,0012845	0,033703	0,010704	0,1749
60327	169260	0,77746	0,034703	0,013358	0,071072	0,10341
62325	22864	0,77688	0,043693	0,021081	0,1121	0,046248
59025	55921	0,77317	0,085674	0,012875	0,11958	0,0087032
69199	13542	0,77112	0,012184	0,039432	0,065941	0,11132
10013	50876	0,77098	0,0020049	0,037699	0,016118	0,1732
82384	35212	0,76425	0,011331	0,082899	0,020505	0,12101
31390	47718	0,76417	0,012155	0,072635	0,027013	0,12403
82398	1283	0,76174	0,0070147	0,068589	0,054559	0,1081
68302	5012,6	0,76099	0,024937	0,034114	0,056457	0,1235
80327	173470	0,75962	0,043651	0,014141	0,05491	0,12768
08317	121290	0,75841	0,0065133	0,078852	0,10459	0,051634
77338	29379	0,75294	0,0014977	0,0047993	0,0067055	0,23406
60330	22999	0,75022	0,0020871	0,0036524	0,034698	0,20934
89317	27148	0,74841	0,0025785	0,016281	0,0045308	0,2282
77320	28639	0,74791	0,00097583	0,005833	0,0043297	0,24095
82385	5196,6	0,74464	0	0,027133	0,0096217	0,2186
65387	3411,3	0,74462	0,013191	0,088822	0,031366	0,122
77336	36552	0,74434	0,010451	0,010451	0,049929	0,18483
77056	7498,1	0,7441	0,005841	0,0038948	0,02734	0,21882
28334	74287	0,74267	0,0032172	0,0070806	0,023598	0,22343
28076	57599	0,74022	0,016094	0,019723	0,039133	0,18483
59026	26469	0,73441	0,067589	0,023953	0,093393	0,080657
60041	40311	0,73322	0,015157	0,0091785	0,052442	0,19
85370	10593	0,72843	0,029926	0,044275	0,18229	0,015078
39206	16611	0,72302	0,006078	0,018906	0,10216	0,14983
32147	110730	0,72229	0,0049128	0,12376	0,055612	0,093424
27078	59143	0,71856	0,022927	0,014321	0,061072	0,18312
79349	44413	0,71592	0,025623	0,090064	0,040979	0,12741
16367	1347,3	0,71457	0,000024074	0,020016	0,047502	0,21789
77045	3575,9	0,71084	0,0043337	0,012445	0,019296	0,25308
35099	5931,6	0,70798	0,068616	0,12644	0,084463	0,012496
79371	105750	0,7077	0,039336	0,082852	0,053794	0,11632
69465	2377	0,70717	0,010691	0,029276	0,087927	0,16493
89320	37644	0,70699	0,0017267	0,0060568	0,0055786	0,27965
32386	662,62	0,70619	0	0,093568	0,0045275	0,19572
14355	103220	0,7045	0,032677	0,013524	0,16656	0,082735
27044	44113	0,70407	0,010994	0,052003	0,064289	0,16865
18434	240000	0,70363	0,0024926	0,021863	0,057139	0,21488
11391	42199	0,70318	0,006493	0,039622	0,072537	0,17817
27079	101840	0,7029	0,0078848	0,0097602	0,026914	0,25254
32149	66965	0,69793	0,01229	0,1443	0,058897	0,086584
47400	42929	0,69625	0,0088052	0,054555	0,062895	0,1775
41346	32861	0,6956	0,012477	0,022093	0,042512	0,22732
82390	44871	0,69525	0,013282	0,069198	0,038822	0,18345
37348	41129	0,6932	0,012935	0,035206	0,035061	0,2236
17369	23290	0,69162	0,039159	0,086132	0,17278	0,010315
85371	48622	0,68828	0,046975	0,052425	0,16129	0,051035
17375	139060	0,68631	0,021933	0,053093	0,081038	0,15763
02317	40989	0,68617	0,0015614	0,023543	0,018469	0,27025
45067	29551	0,68444	0,0046361	0,017461	0,026632	0,26683
31385	51236	0,68249	0,0094464	0,079377	0,043641	0,18504
86372	66481	0,68043	0,024699	0,094027	0,047066	0,15378
16377	78127	0,67908	0,010086	0,034406	0,054821	0,22161
41075	29105	0,67791	0,023741	0,047657	0,07047	0,18023
62024	13793	0,67787	0,044082	0,019938	0,12775	0,13036
62031	15470	0,67759	0,079959	0,016225	0,095731	0,1305
63426	53687	0,67709	0,0077114	0,04517	0,14294	0,12709
45338	87103	0,67627	0,013547	0,023409	0,025728	0,26105
86348	144360	0,67438	0,013737	0,041612	0,01977	0,2505
01195	18875	0,67023	0,030208	0,097113	0,11147	0,090976
59324	22465	0,66918	0,078121	0,025373	0,10572	0,12161
89338	69282	0,66756	0,0087469	0,022546	0,025129	0,27602
37070	55612	0,66604	0,013109	0,045404	0,027116	0,24833
27330	16717	0,66153	0,018245	0,035233	0,087334	0,19766
41351	39355	0,65697	0,073282	0,056588	0,078059	0,1351
62032	107200	0,6563	0,097444	0,016632	0,16856	0,061063
79109	27402	0,65067	0,050762	0,10207	0,091963	0,10454
79367	36181	0,65006	0,031425	0,12703	0,096929	0,094555
78053	32239	0,64227	0,0023884	0,0080958	0,027637	0,3196
80036	89914	0,63616	0,076595	0,013135	0,13046	0,14365
21440	122990	0,63542	0,0052523	0,011675	0,055198	0,29246
62023	26039	0,63487	0,099503	0,01467	0,17723	0,073724
85369	43819	0,63413	0,038066	0,04295	0,26365	0,021203
79370	11076	0,62879	0,034849	0,068614	0,22778	0,03997
41434	4182,3	0,62765	0,0059864	0,051398	0,16426	0,15071
16113	100860	0,62571	0,012988	0,060993	0,042354	0,25796
27080	19211	0,62514	0,016709	0,0071313	0,047108	0,30391
10014	16764	0,62369	0,020878	0,027558	0,082377	0,24549
72094	18015	0,62102	0,06106	0,05501	0,24518	0,017729
35098	1398,9	0,6185	0,062905	0,14225	0,037886	0,13846
27351	3403,5	0,61803	0,040393	0,035998	0,096076	0,20951
41350	22803	0,61773	0,023016	0,038372	0,067841	0,25304
82391	9793	0,61759	0,0083734	0,063209	0,052895	0,25793
59027	11768	0,61488	0,10367	0,029656	0,16876	0,083033
36435	136230	0,6042	0,017617	0,099821	0,067847	0,21052
62039	45936	0,60406	0,074124	0,022923	0,18103	0,11786
91339	27639	0,6038	0,0004797	0,0019082	0,001194	0,39262
17377	175120	0,60072	0,012466	0,036856	0,079884	0,27007
51335	86286	0,59703	0,009735	0,011705	0,04849	0,33304
01201	27793	0,59668	0,0069441	0,045587	0,049868	0,30092
78330	4756,4	0,59533	0	0,0045599	0,05172	0,34839
86368	34156	0,59231	0,021724	0,13596	0,044209	0,20579
81152	13664	0,59148	0,0131	0,12083	0,066087	0,2085
77059	12005	0,59045	0,010591	0,0074014	0,010579	0,38098
32387	37917	0,58754	0,013081	0,16059	0,047288	0,1915
47156	94393	0,58481	0,044262	0,13927	0,085726	0,14594
86347	9768,8	0,5848	0,0093153	0,042789	0,036238	0,32686
60329	93076	0,58468	0,0019017	0,0066183	0,012076	0,39472
67302	44426	0,58458	0,019178	0,019245	0,076149	0,30085
32383	83786	0,58321	0,012592	0,16233	0,069546	0,17232
77061	43697	0,57755	0,0045312	0,0081471	0,031192	0,37858
69197	6391,2	0,57559	0,017643	0,056678	0,25879	0,091301
72355	28310	0,57438	0,049487	0,042811	0,15842	0,1749
37069	67508	0,574	0,024664	0,057475	0,034604	0,30925
10019	7690,5	0,57368	0,00078018	0,032378	0,028477	0,36468
40379	911,9	0,5724	0,014256	0,088825	0,06141	0,26311
60043	57269	0,56872	0,017758	0,015785	0,08708	0,31065
02336	86379	0,5599	0,015027	0,010153	0,083863	0,33106
68001	32005	0,55965	0,00096859	0,0091548	0,006374	0,42386
47399	53342	0,55864	0,022271	0,11769	0,14354	0,15786
68301	43256	0,55837	0,007236	0,013432	0,048825	0,37214
51318	57164	0,55797	0,018718	0,036491	0,11768	0,26914
02329	39376	0,55786	0,0033015	0,0031237	0,042919	0,3928
16372	3575,3	0,55657	0,038406	0,11766	0,088664	0,1987
10319	49954	0,55453	0,0028426	0,01069	0,022921	0,40902
28351	77854	0,55337	0,03513	0,030596	0,12061	0,26029
80038	77786	0,55177	0,12361	0,029556	0,19079	0,10427
02328	143930	0,54729	0,0073092	0,0095047	0,051046	0,38485
09390	19432	0,54353	0,034222	0,17893	0,13025	0,11307
51336	42319	0,54292	0,0029538	0,023654	0,026678	0,40379
21312	22220	0,53969	0,012421	0,012691	0,10913	0,32606
45439	20965	0,53795	0,035773	0,11748	0,070211	0,23858
37073	10783	0,53779	0,004637	0,03793	0,061301	0,35834
89319	29793	0,53669	0,019434	0,023093	0,036753	0,38403
81153	85876	0,53504	0,028144	0,18099	0,11191	0,14391
79366	24558	0,53481	0,080462	0,15425	0,1492	0,081286
91055	28231	0,53434	0,0049945	0,010981	0,029825	0,41986
38465	14295	0,53325	0,006226	0,03106	0,073523	0,35594
82396	5811,7	0,53322	0,020304	0,10892	0,077775	0,25978
49347	52045	0,53246	0,035181	0,065847	0,061678	0,30483
29103	6130,8	0,5314	0,092158	0,19981	0,068181	0,10845
86438	243610	0,52954	0,025446	0,16293	0,071901	0,21018
21322	38026	0,52695	0,0089761	0,0095903	0,056251	0,39824
65381	6972	0,52632	0,068703	0,1288	0,065978	0,2102
76046	209370	0,5263	0,09247	0,056767	0,21084	0,11362
37435	98942	0,52597	0,034818	0,087011	0,039872	0,31233
85366	26107	0,5257	0,07408	0,093615	0,13847	0,16813
81151	41688	0,52501	0,013721	0,11464	0,062968	0,28366
69196	1034,1	0,52192	0,00062242	0,073063	0,20597	0,19843
49344	28962	0,51913	0,049754	0,049478	0,15651	0,22513
40387	31707	0,51882	0,030385	0,099114	0,081718	0,26997
45340	46828	0,51796	0,011382	0,037477	0,034231	0,39895
72092	41257	0,51782	0,076399	0,082701	0,2426	0,080482
01198	61875	0,51472	0,042214	0,14182	0,074715	0,22653
17111	27696	0,51303	0,036095	0,068639	0,30221	0,080028
89322	118600	0,51153	0,011644	0,014798	0,063736	0,39829
54308	78775	0,50825	0,026417	0,024233	0,14493	0,29617
40382	87256	0,50794	0,032497	0,075124	0,071124	0,31331
67301	104470	0,50766	0,019509	0,017843	0,099736	0,35526
33120	3443,9	0,50401	0,04675	0,068237	0,25727	0,12373
89186	192130	0,50301	0,0069118	0,016629	0,043412	0,43003
30471	28401	0,50016	0,0063379	0,055527	0,25566	0,18231
80037	12225	0,49831	0,085725	0,037218	0,23681	0,14194
33400	6360,1	0,49785	0,011163	0,089621	0,16682	0,23454
64381	77540	0,49737	0,044158	0,17668	0,075445	0,20635
10011	113710	0,49609	0,0056901	0,0088738	0,03933	0,45002
26240	88491	0,49421	0,0027087	0,055983	0,056254	0,39084
51321	35563	0,49362	0,0025931	0,0073391	0,081602	0,41485
65150	39041	0,49156	0,023078	0,088728	0,10996	0,28667
82399	16424	0,49023	0,010411	0,15331	0,089806	0,25624
62030	79905	0,48533	0,12815	0,039059	0,2541	0,093355
60042	36385	0,48482	0,011213	0,0079428	0,028885	0,46714
32388	45550	0,48426	0,0099232	0,15484	0,072931	0,27805
18439	74572	0,48375	0,0092662	0,074773	0,18539	0,24682
27052	37366	0,48347	0,072313	0,028422	0,20409	0,2117
76047	36289	0,48086	0,074375	0,032351	0,22172	0,1907
31392	39595	0,47859	0,016669	0,1229	0,13823	0,24362
18066	16524	0,47647	0,0030259	0,034435	0,13459	0,35147
37346	104090	0,47584	0,021856	0,067596	0,064781	0,36993
65383	7401,2	0,47389	0,04148	0,20321	0,046614	0,23481
71202	47942	0,46895	0,026595	0,03863	0,2056	0,26022
68303	67227	0,46862	0,044967	0,039761	0,11223	0,33443
91337	9010,8	0,46709	0	0,0032183	0,004772	0,52492
54316	35710	0,46629	0,057576	0,037105	0,18152	0,25751
33127	756,39	0,45772	0,019831	0	0,24062	0,28183
64386	14968	0,45495	0,029796	0,18245	0,078766	0,25404
27352	73701	0,45333	0,038982	0,028629	0,13118	0,34788
63176	50018	0,45318	0,0076973	0,044484	0,19739	0,29724
59033	89669	0,45125	0,1058	0,0074942	0,28208	0,15337
52322	34210	0,45051	0,013359	0,014002	0,063579	0,45855
58185	128080	0,44947	0,0053328	0,039227	0,12907	0,3769
03426	104190	0,44803	0,0098477	0,077352	0,29415	0,17062
47157	33541	0,44564	0,0078113	0,058674	0,055812	0,43206
82155	55354	0,44178	0,034849	0,16698	0,14077	0,21562
71440	39811	0,44074	0,020145	0,036724	0,17302	0,32937
40380	6262,2	0,44041	0,025382	0,066439	0,052538	0,41524
47401	3810,8	0,43934	0,088171	0,23932	0,12963	0,10353
21204	43865	0,43879	0,01247	0,0086173	0,12488	0,41524
72091	63522	0,43808	0,073345	0,10107	0,13677	0,25074
57306	189500	0,43637	0,038348	0,036892	0,23757	0,25082
56359	45187	0,4356	0,13323	0,20938	0,029544	0,19225
37071	10525	0,43546	0,0047504	0,045509	0,048644	0,46564
27077	59374	0,43506	0,072741	0,023379	0,29865	0,17018
10020	3185,3	0,43323	0,016011	0,011302	0,14347	0,39599
41068	22341	0,43319	0,012488	0,022873	0,031198	0,50025
35358	22556	0,4329	0,14887	0,22668	0,1041	0,08745
89340	92470	0,43242	0,026538	0,066378	0,11661	0,35805
41065	22636	0,43167	0,0071126	0,031234	0,031278	0,49871
78332	18369	0,43149	0,0025893	0,011184	0,027927	0,52681
47402	11008	0,4313	0,026344	0,16806	0,13953	0,23476
22358	78044	0,42844	0,16175	0,21616	0,047653	0,146
84467	21870	0,42726	0,0038409	0,032465	0,14504	0,39139
22359	203800	0,42707	0,17441	0,22082	0,039368	0,13834
63427	25481	0,42592	0,024881	0,068758	0,24787	0,23257
59028	37304	0,42434	0,080339	0,0095431	0,18261	0,30317
13244	47560	0,42208	0,0030698	0,032507	0,49645	0,045897
61355	68666	0,42009	0,081801	0,030058	0,32675	0,1413
16112	105810	0,42001	0,017852	0,076673	0,074651	0,41081
85110	16960	0,41096	0,1421	0,21244	0,13473	0,099778
27050	22825	0,40963	0,040789	0,018051	0,10208	0,42944
77062	30709	0,40941	0,0022143	0,012211	0,022046	0,55412
78055	2308,8	0,40856	0,008418	0,027531	0,099618	0,45587
11392	75855	0,40191	0,0048777	0,054749	0,14648	0,39198
53356	108010	0,40022	0,18914	0,25805	0,11819	0,034405
62040	8759,5	0,39909	0,039842	0,017581	0,19476	0,34873
26242	32200	0,39751	0,017391	0,071211	0,12205	0,39184
41435	28275	0,39339	0,00626	0,046508	0,046367	0,50747
64380	40662	0,39141	0,047243	0,11969	0,10587	0,33578
64382	9219,7	0,39081	0,039484	0,19621	0,074732	0,29877
57308	35605	0,39038	0,0048307	0,0068529	0,076674	0,52126
61351	148670	0,3885	0,066329	0,041536	0,28159	0,22204
72351	64553	0,38621	0,08711	0,054746	0,27117	0,20076
65386	4064,8	0,38549	0,034934	0,14515	0,064209	0,37022
76048	48345	0,38474	0,098894	0,049726	0,23186	0,23479
55314	324950	0,3845	0,024749	0,012017	0,13636	0,44238
33402	10551	0,38334	0,052683	0,10626	0,16889	0,28883
76049	39290	0,38231	0,073785	0,020743	0,22372	0,29944
35359	95121	0,37868	0,19981	0,23816	0,073117	0,11023
60331	32633	0,37802	0,086293	0,026231	0,29945	0,21001
82154	8786,9	0,37645	0,031866	0,16718	0,062479	0,36203
57004	12244	0,37385	0,030682	0,029427	0,2125	0,35354
67304	82773	0,37264	0,04081	0,029007	0,19238	0,36516
61352	53660	0,36641	0,060119	0,048453	0,28693	0,23809
72350	41789	0,36623	0,052693	0,076168	0,19792	0,30699
91333	6846,2	0,36602	0	0,002191	0,020887	0,6109
77057	28288	0,36449	0,0023685	0,010888	0,020892	0,60137
10318	91475	0,36185	0,026237	0,027713	0,11697	0,46723
52314	252360	0,35838	0,021446	0,015482	0,10705	0,49764
65389	18860	0,35663	0,0099152	0,22927	0,079693	0,32449
37074	12220	0,35444	0,023487	0,13765	0,17185	0,31258
22362	71950	0,35366	0,13122	0,26171	0,09779	0,15562
70205	52426	0,35257	0,034258	0,040266	0,15097	0,42193
52012	18745	0,35203	0,029661	0,021179	0,10691	0,49022
29362	100150	0,35138	0,14252	0,28781	0,063907	0,15438
01446	98730	0,35128	0,065927	0,14312	0,27469	0,16498
35097	170940	0,35107	0,19711	0,27615	0,076587	0,099077
46396	42188	0,35085	0,030198	0,1139	0,10773	0,39733
55316	113650	0,34894	0,052338	0,017379	0,20124	0,3801
71446	78123	0,34838	0,029837	0,083752	0,29181	0,24622
18179	69666	0,34544	0,011814	0,05957	0,35274	0,23043
26241	13998	0,3414	0,021075	0,088658	0,15003	0,39884
53095	64695	0,34036	0,1218	0,18485	0,26479	0,088195
29358	28809	0,34018	0,17841	0,24513	0,12954	0,10673
88305	7539	0,33956	0,065847	0,018382	0,24154	0,33467
02323	103360	0,33908	0,078254	0,0091045	0,39879	0,17477
21311	254130	0,33789	0,011463	0,033219	0,086138	0,53129
56362	156170	0,33758	0,13441	0,24452	0,07901	0,20449
54306	214210	0,33514	0,04911	0,032109	0,25598	0,32766
34471	46655	0,33493	0,0048869	0,018755	0,15428	0,48714
31389	83173	0,33414	0,034001	0,22755	0,18542	0,21889
35363	131380	0,3338	0,16627	0,25957	0,051241	0,18912
38199	218110	0,332	0,042111	0,059822	0,23265	0,33341
49345	99245	0,33095	0,070674	0,091955	0,14551	0,36091
29363	125460	0,32931	0,15094	0,28363	0,072375	0,16374
51017	29714	0,32764	0,0042405	0,026789	0,025678	0,61565
33123	996,89	0,32604	0	0,0080249	0,10733	0,5586
47394	2892,6	0,32599	0,03872	0,12688	0,12895	0,37946
72090	6459,8	0,32573	0,10031	0,089322	0,22957	0,25506
52311	82218	0,32537	0,017977	0,043251	0,1435	0,46991
85368	257090	0,32479	0,16389	0,32004	0,13334	0,057939
40388	35546	0,32402	0,0045044	0,054292	0,030692	0,58649
55308	39196	0,32359	0,050847	0,01569	0,29633	0,31354
24158	83526	0,3232	0,022173	0,08717	0,13505	0,43241
27353	14125	0,32231	0,092146	0,02389	0,43037	0,13128
72093	34554	0,32215	0,11275	0,10265	0,30853	0,15392
49356	131700	0,32163	0,12281	0,33234	0,14905	0,074173
79368	114010	0,32045	0,077773	0,34355	0,16264	0,095586
40133	39963	0,31961	0,0099342	0,029828	0,016665	0,62396
52321	14146	0,31887	0,0072271	0,0079009	0,082285	0,58372
68002	2619,5	0,3173	0,021378	0,0064899	0,059554	0,59528
72089	129930	0,31561	0,083668	0,082421	0,20369	0,31462
27051	4366,4	0,31413	0,036414	0,022444	0,41567	0,21134
72345	4502,9	0,31413	0,060739	0,11826	0,18943	0,31744
78054	56919	0,31306	0,0033029	0,012017	0,033521	0,6381
54305	69032	0,31305	0,0165	0,0098215	0,11238	0,54824
44356	98027	0,30973	0,12502	0,39448	0,096504	0,074264
57473	189460	0,30957	0,048581	0,042928	0,30415	0,29477
62029	49017	0,30866	0,12606	0,040762	0,32203	0,20249
37344	33132	0,30819	0,0092357	0,023783	0,10192	0,55687
72354	27479	0,30641	0,10696	0,1487	0,2931	0,14484
18437	26662	0,30568	0,018903	0,11357	0,47625	0,085593
18436	58312	0,30517	0,018247	0,22585	0,3146	0,13613
89442	21867	0,30485	0,011067	0,037225	0,4172	0,22965
76331	96434	0,30377	0,099737	0,034324	0,34682	0,21535
44368	12945	0,30284	0,16076	0,39159	0,067286	0,077524
36436	178750	0,30044	0,016151	0,27218	0,24908	0,16214
43427	10048	0,29573	0,11047	0,12003	0,24175	0,23201
44104	49539	0,29146	0,1474	0,35881	0,075577	0,12676
55315	78263	0,29139	0,043814	0,014196	0,23392	0,41669
65148	36245	0,28976	0,035288	0,15795	0,15892	0,35808
60328	30544	0,28905	0,0030447	0,0036995	0,0089378	0,69526
52318	17535	0,2888	0,081121	0,043604	0,23365	0,35282
14085	63755	0,28632	0,17153	0,060011	0,45844	0,023695
37072	7023	0,28205	0,0034173	0,014381	0,021074	0,67907
16438	2478,7	0,27596	0,073828	0,30419	0,13354	0,21249
29361	130510	0,27401	0,18579	0,30443	0,090506	0,14526
70447	24041	0,27378	0,033277	0,075039	0,19958	0,41832
39446	43428	0,27222	0,015405	0,093119	0,20929	0,40997
86182	41293	0,27095	0,023563	0,42631	0,20567	0,073496
58340	9952,2	0,2702	0,026199	0,15095	0,16218	0,39048
22360	129710	0,26931	0,17962	0,32532	0,086499	0,13925
79373	116120	0,26818	0,090659	0,35724	0,23328	0,05063
21010	17218	0,268	0,012058	0,0072821	0,028168	0,68449
84464	19039	0,26656	0,0010505	0,017491	0,0046222	0,71028
33401	5596,7	0,26577	0,024479	0,084514	0,15527	0,46997
27332	21141	0,26493	0,0060547	0,01088	0,04418	0,67396
24401	86024	0,26478	0,022808	0,10939	0,12602	0,477
56363	207460	0,2631	0,13165	0,23959	0,06384	0,30182
14354	124120	0,2629	0,16	0,13053	0,32432	0,12225
53096	45267	0,26274	0,16339	0,25414	0,23589	0,083847
39447	48322	0,26222	0,026179	0,04915	0,13594	0,52651
70007	239770	0,26045	0,024073	0,037569	0,24386	0,43405
44108	46217	0,25535	0,13069	0,41156	0,15323	0,049174
40145	13000	0,2524	0,025769	0,037076	0,065692	0,61907
04233	39314	0,25192	0,0092587	0,026708	0,065269	0,64685
50087	73006	0,25044	0,23005	0,20507	0,27132	0,043117
49373	176530	0,25025	0,12414	0,34792	0,20486	0,072822
95333	3017,4	0,24988	0	0	0,0086167	0,7415
33116	1061,2	0,24816	0	0,042406	0,38825	0,32119
44373	29210	0,2466	0,138	0,41329	0,15786	0,044246
33125	5150,2	0,24221	0,030872	0,070482	0,19164	0,46479
36438	107200	0,24136	0,0125	0,22645	0,16875	0,35095
52310	68321	0,23706	0,051887	0,017871	0,43145	0,26173
33126	4933,2	0,23581	0,0083281	0	0,39629	0,35957
29100	4181,1	0,23568	0,25065	0,34034	0,06338	0,10995
90303	18642	0,23512	0,042621	0,061014	0,27255	0,38869
88314	17909	0,23291	0,027584	0,010442	0,14211	0,58696
77064	50253	0,23159	0,00030078	0,0023083	0,0089149	0,75688
21442	167790	0,23037	0,013546	0,03496	0,4562	0,26493
64379	42307	0,22794	0,039308	0,17479	0,17496	0,383
61088	9918,5	0,2279	0,072491	0,069063	0,56531	0,06524
56364	52094	0,22761	0,1333	0,29539	0,13503	0,20867
08022	169290	0,22616	0,0539	0,012741	0,42831	0,27889
85373	61249	0,2258	0,15226	0,38708	0,20299	0,031867
01216	5278	0,22375	0,069733	0,10116	0,33668	0,26868
53357	205130	0,22334	0,22051	0,27146	0,19911	0,085586
11471	14717	0,22201	0,00074745	0,0053001	0,030102	0,74184
08315	42855	0,2193	0,054019	0,017034	0,30314	0,40651
30422	10173	0,21916	0,0010397	0,036707	0,036764	0,70633
13467	23205	0,21817	0,0034475	0,043438	0,21607	0,51887
78333	10804	0,21541	0	0,00055535	0,011477	0,77256
03429	124960	0,21368	0,014492	0,19327	0,40282	0,17574
54313	19214	0,21319	0,02519	0,011918	0,15468	0,59502
88313	28259	0,21299	0,042465	0,011855	0,27956	0,45313
44105	84425	0,21248	0,13687	0,43383	0,10311	0,11372
09392	75711	0,21141	0,027499	0,12639	0,26918	0,36552
33121	9041	0,20938	0,019216	0,039627	0,27895	0,45283
42193	54239	0,20884	0,078044	0,2149	0,32211	0,1761
44363	21412	0,20878	0,13277	0,34218	0,18232	0,13394
61354	173700	0,20844	0,1607	0,12691	0,33417	0,16978
58188	230000	0,20355	0,0077218	0,047322	0,36935	0,37205
58180	58558	0,20227	0,014225	0,10789	0,43352	0,2421
45063	85097	0,20072	0,014901	0,027698	0,048651	0,70803
71441	35827	0,19786	0,010737	0,024404	0,42912	0,33788
90450	3827,8	0,19747	0,064528	0,068969	0,16067	0,50837
71444	40230	0,19547	0,01213	0,033706	0,31501	0,44368
33118	9042,2	0,19464	0,0055296	0,021676	0,28091	0,49725
39203	23057	0,19216	0,0070262	0,042244	0,088695	0,66987
68450	14265	0,18877	0,051034	0,052786	0,15633	0,55108
69194	20022	0,18869	0,034561	0,17056	0,2693	0,33688
31393	20360	0,18692	0,048232	0,14961	0,22755	0,38769
35357	64934	0,18685	0,25355	0,36903	0,13774	0,052826
33115	7253,6	0,18497	0,0099261	0,021093	0,41827	0,36574
18343	89099	0,18148	0,0090349	0,021751	0,041022	0,74671
51315	26372	0,18024	0,034909	0,01039	0,14121	0,63325
52312	29144	0,17972	0,042242	0,038049	0,34422	0,39577
21441	46288	0,17857	0,0014907	0,017845	0,1	0,70209
67473	34222	0,17835	0,042545	0,064373	0,34226	0,37247
69200	12081	0,17807	0,01788	0,081452	0,24179	0,48081
14353	118440	0,17681	0,062504	0,027372	0,59683	0,13648
45343	73952	0,17367	0,0095603	0,02741	0,03724	0,75212
33114	7355,9	0,17324	0,0037588	0,014866	0,41504	0,39309
04466	30455	0,17307	0,0026596	0,051255	0,069512	0,7035
40144	8230,8	0,17306	0,037177	0,034261	0,033289	0,72222
76332	41908	0,17083	0,042689	0,028252	0,15284	0,6054
90448	9686,7	0,1684	0,020957	0,027151	0,19573	0,58776
64143	16123	0,16749	0,077654	0,19699	0,20586	0,35201
74208	10697	0,16384	0,053941	0,15986	0,28083	0,34153
44365	11245	0,15781	0,13108	0,26679	0,36373	0,080587
16432	120870	0,15743	0,047587	0,29852	0,23229	0,26417
23437	85159	0,15621	0,031541	0,19548	0,47125	0,14553
81409	87555	0,15567	0,021426	0,22957	0,23989	0,35344
88306	195470	0,15358	0,050233	0,034369	0,33152	0,43029
03178	225950	0,15354	0,022071	0,2335	0,39889	0,192
50083	15608	0,15327	0,14768	0,10315	0,46009	0,1358
44364	19474	0,15187	0,12438	0,36186	0,23159	0,1303
85365	23145	0,15131	0,067011	0,086713	0,57562	0,11934
84466	16910	0,14663	0,0015376	0,019279	0,073272	0,75928
38217	60901	0,14516	0,0081771	0,020344	0,15632	0,67001
43424	69025	0,14492	0,020341	0,14518	0,3944	0,29516
50354	65981	0,1447	0,24395	0,27437	0,26738	0,069602
25447	129770	0,13939	0,024998	0,074076	0,20773	0,5538
74226	18111	0,13753	0,0087794	0,083266	0,20767	0,56275
64141	61978	0,13238	0,047574	0,16048	0,2371	0,42246
33119	9256,3	0,13219	0,061148	0,06212	0,31838	0,42617
68304	28918	0,13114	0,005533	0,0069508	0,05239	0,80398
12162	54593	0,12993	0,02722	0,54661	0,12989	0,16635
12409	176480	0,12503	0,050454	0,37029	0,20914	0,24508
33117	13035	0,12193	0,011661	0,015727	0,3015	0,54918
30416	142440	0,12062	0,0015024	0,022262	0,061456	0,79416
39207	42667	0,11936	0,0088183	0,065782	0,23852	0,56752
40132	24613	0,11876	0,0038598	0,0095886	0,023078	0,84471
52008	12268	0,11852	0,036435	0,016139	0,30778	0,52112
87431	107630	0,11784	0,042756	0,45777	0,22585	0,15579
44107	4105,8	0,11547	0,056232	0,31958	0,20703	0,30169
29360	20109	0,11512	0,092348	0,26023	0,12079	0,41151
22361	7562,4	0,11503	0,16767	0,34579	0,10751	0,264
29102	4436	0,11489	0,1116	0,22586	0,072362	0,47529
30465	19060	0,11429	0,00086168	0,007533	0,042551	0,83476
24403	190600	0,11399	0,015315	0,080929	0,14649	0,64327
03428	69741	0,1135	0,015844	0,26954	0,40567	0,19544
61353	25453	0,11146	0,093546	0,03481	0,63031	0,12987
52009	20727	0,11135	0,036089	0,015149	0,33093	0,50648
57003	12213	0,11115	0,012226	0,019706	0,096371	0,76055
89443	23060	0,11089	0,009367	0,075066	0,36896	0,43572
88310	28754	0,11062	0,047701	0,015247	0,46133	0,36511
33128	5931,6	0,10975	0,013487	0,01669	0,083283	0,77679
50081	13436	0,10898	0,15355	0,19724	0,48527	0,054965
44106	39027	0,10886	0,077511	0,30477	0,47257	0,036291
26243	44724	0,10855	0,0017888	0,062182	0,14757	0,67991
50082	51612	0,10844	0,1818	0,13144	0,50671	0,071611
23428	67847	0,10802	0,024072	0,15246	0,54044	0,17501
26464	19226	0,10737	0,00046811	0,032039	0,040049	0,82007
50086	171850	0,10602	0,21474	0,14038	0,49931	0,039547
42465	1059,2	0,10583	0,0047206	0,026435	0,1841	0,67891
63428	41691	0,10477	0,013672	0,23749	0,37617	0,2679
43177	58296	0,10463	0,036452	0,12064	0,27139	0,46688
01451	113120	0,1046	0,0080707	0,041008	0,20011	0,64621
46160	10753	0,10455	0,014135	0,081091	0,231	0,56922
70448	16412	0,10272	0,028293	0,048843	0,28533	0,53481
24406	34835	0,1009	0,015674	0,069413	0,10616	0,70785
33122	7058,4	0,10025	0,0036649	0,0039856	0,21266	0,67944
13466	24163	0,10006	0	0,017382	0,13769	0,74487
81395	21277	0,097424	0,0074727	0,065562	0,166	0,66354
43172	32047	0,09603	0,029176	0,085437	0,40372	0,38564
08323	21348	0,095238	0,044781	0,0054805	0,51166	0,34284
70005	65209	0,095136	0,024214	0,032526	0,27895	0,56918
29101	3678,7	0,094967	0,061979	0,18403	0,14272	0,5163
73451	22930	0,094137	0,017357	0,08103	0,30528	0,5022
33136	25497	0,093923	0,026434	0,065654	0,12437	0,68962
74211	19651	0,091798	0,036538	0,20035	0,30355	0,36777
74455	21816	0,091784	0,016914	0,18665	0,36194	0,34271
88309	59119	0,090344	0,03131	0,074493	0,2716	0,53225
73219	35293	0,089508	0,0073669	0,019607	0,226	0,65752
21443	40526	0,088782	0,0084404	0,036543	0,36102	0,50521
40378	319410	0,088722	0,0004884	0,0012147	0,0043048	0,90527
17376	39795	0,088369	0,014374	0,053022	0,098379	0,74586
71429	92545	0,086711	0,019601	0,15885	0,57433	0,16051
59323	57525	0,084123	0,11682	0,011073	0,52393	0,26405
82395	39599	0,083716	0,01495	0,12316	0,24506	0,53312
12412	105370	0,082028	0,01174	0,26573	0,12824	0,51226
13468	128090	0,081656	0,0024671	0,009275	0,12575	0,78085
07465	32195	0,081504	0,0019568	0,016928	0,050411	0,8492
50084	49047	0,080115	0,17789	0,083409	0,64482	0,013763
05239	43617	0,079866	0,009079	0,15219	0,26943	0,48943
81413	58787	0,079147	0,023475	0,095616	0,1451	0,65666
04462	73928	0,076999	0,0022048	0,049264	0,13834	0,73319
33129	7931,1	0,076954	0,00091241	0,012327	0,041608	0,8682
24404	163550	0,075807	0,020318	0,063184	0,14426	0,69643
73455	7544,6	0,075604	0,014713	0,067731	0,42719	0,41476
58429	4163,2	0,075592	0,0014412	0,1446	0,39129	0,38708
74214	9745,1	0,074737	0,011801	0,10313	0,3099	0,50044
69444	29022	0,074572	0,014209	0,036201	0,31604	0,55898
42168	20601	0,073621	0,0266	0,12096	0,34148	0,43733
82397	11672	0,073171	0,021077	0,18909	0,39498	0,32168
87432	298270	0,072505	0,034703	0,19163	0,3163	0,38486
24405	39999	0,072474	0,0076752	0,062026	0,1032	0,75462
11470	152000	0,070372	0,0004671	0,013526	0,064288	0,85135
24432	82869	0,070047	0,025703	0,14916	0,26333	0,49175
41343	156970	0,068374	0,0043447	0,020437	0,03219	0,87465
42190	40547	0,067703	0,024688	0,12001	0,69174	0,095856
73213	5098,8	0,067653	0,003319	0,0035452	0,10238	0,82311
42445	50269	0,06663	0,060137	0,14514	0,496	0,2321
26221	8871,4	0,066495	0,012738	0,05219	0,18836	0,68022
47404	12321	0,066381	0,038713	0,050319	0,058435	0,78615
63175	31734	0,065157	0,015842	0,10605	0,25257	0,56039
71184	44312	0,064721	0,019385	0,04114	0,56616	0,30859
04459	53243	0,063955	0,0015401	0,042334	0,20444	0,68773
64138	7852,4	0,063813	0,05182	0,052225	0,23865	0,59349
12397	37542	0,063609	0,016195	0,2506	0,32071	0,34889
46407	34546	0,062473	0,0042263	0,041423	0,11275	0,77913
07424	6302,4	0,061576	0,012022	0,18711	0,28116	0,45813
84238	78826	0,061183	0,0010276	0,014158	0,031804	0,89183
95332	667,56	0,060888	0	0	0,041132	0,89798
84462	20729	0,060571	0,0036182	0,050076	0,06725	0,81848
81412	95307	0,060413	0,0093585	0,2037	0,14911	0,57742
33124	4176,8	0,059799	0,0081403	0,014605	0,10008	0,81738
46408	45955	0,059435	0,018453	0,15663	0,4138	0,35168
74210	4073,6	0,05914	0,029703	0,13379	0,16202	0,61535
12411	221620	0,058482	0,0066825	0,21374	0,33309	0,388
25450	153140	0,057156	0,0062494	0,10566	0,33402	0,49691
43425	159760	0,056628	0,015492	0,088478	0,24694	0,59246
03425	79332	0,056254	0,01345	0,10078	0,47271	0,35681
05459	23167	0,05482	0,00090644	0,077609	0,18461	0,68205
19432	114630	0,054084	0,011288	0,16148	0,43721	0,33595
71442	119470	0,053319	0,0080772	0,097655	0,55036	0,29059
63181	122990	0,052955	0,0093914	0,17505	0,38318	0,37942
19403	2824,2	0,052859	0,01137	0,062279	0,56263	0,31086
73220	20432	0,052043	0,0035239	0,013998	0,25265	0,67779
40134	43321	0,051441	0,00036124	0,001647	0,0034394	0,94311
12161	18699	0,051362	0,028932	0,196	0,30948	0,41423
39209	16489	0,050874	0,00097035	0,1834	0,25332	0,51144
23431	230120	0,050749	0,020641	0,10398	0,48233	0,34231
47378	60690	0,050098	0,00019773	0,0069534	0,0093591	0,93339
46159	46127	0,050063	0,021939	0,08947	0,18653	0,652
64139	126600	0,04956	0,047915	0,17261	0,39265	0,33726
01215	28639	0,048792	0,020141	0,036565	0,20825	0,68625
69445	101360	0,048733	0,053759	0,09261	0,38631	0,41858
30415	9737,5	0,048468	0	0,01335	0,11553	0,82265
42189	31837	0,04842	0,041901	0,11009	0,59672	0,20286
33378	230940	0,047789	0,00056724	0,00047198	0,0075992	0,94357
15418	52040	0,046261	0,0049961	0,16629	0,40055	0,3819
43417	2373,1	0,045828	0,0080065	0,063209	0,28107	0,60189
24394	4437,8	0,044384	0,032899	0,089234	0,23097	0,60251
05235	33325	0,043741	0,007622	0,14182	0,25369	0,55313
39212	41069	0,04345	0,0046968	0,14559	0,30714	0,49912
15409	106450	0,043264	0,033744	0,27081	0,23323	0,41895
19408	55908	0,043102	0,012592	0,075105	0,45176	0,41744
46394	197340	0,043016	0,0092125	0,1235	0,27289	0,55139
39451	59110	0,042965	0,00303	0,084721	0,30622	0,56306
42425	86914	0,042845	0,022367	0,11571	0,25794	0,56113
74218	24711	0,042393	0,010845	0,075068	0,20841	0,66328
13246	29389	0,042054	0,023717	0,033721	0,66972	0,23079
71187	113890	0,041557	0,013544	0,074877	0,64589	0,22414
42170	45736	0,041087	0,00903	0,10803	0,20616	0,63569
63173	27797	0,040725	0,017804	0,050693	0,29234	0,59844
34470	18036	0,039045	0,00044355	0,0011089	0,097082	0,86232
58443	162300	0,039037	0,0048366	0,085931	0,38711	0,48309
48411	158280	0,038815	0,0011689	0,10554	0,35483	0,49965
33137	178600	0,038528	0,00016797	0,0010302	0,028337	0,93194
57307	66281	0,037744	0,0072019	0,016229	0,090705	0,84812
05236	7844,9	0,037211	0,00038241	0,1225	0,35463	0,48528
83460	106090	0,035627	0,0032426	0,013753	0,086354	0,86102
40131	60530	0,035571	0,00030893	0,0014918	0,0028581	0,95977
38457	129060	0,034741	0,0057187	0,038221	0,16014	0,76117
07169	20359	0,034576	0,0013262	0,051574	0,52601	0,38652
70309	15127	0,034414	0,018982	0,037209	0,27302	0,63637
63174	93795	0,034369	0,013764	0,05303	0,2922	0,60664
43418	63889	0,034248	0,0035374	0,10006	0,30254	0,55961
42191	10495	0,033721	0,0086712	0,053838	0,50808	0,39569
05461	16132	0,033642	0,00015119	0,053346	0,12881	0,78405
07422	71944	0,033292	0,00050039	0,013274	0,055543	0,89739
08021	91565	0,032705	0,011871	0,0025665	0,16777	0,78509
05463	64600	0,03149	0,0006966	0,061827	0,14285	0,76314
71183	32161	0,031083	0,0084885	0,03271	0,80995	0,11777
74222	18168	0,030743	0,0034676	0,048436	0,38661	0,53074
12407	103990	0,030205	0,015415	0,18421	0,30817	0,462
54307	24971	0,030164	0,013336	0,019142	0,062193	0,87517
66252	30307	0,029279	0,0021117	0,014815	0,12746	0,82633
71443	46872	0,02916	0,0079365	0,067673	0,35497	0,54026
15167	67616	0,029014	0,0011831	0,088218	0,69757	0,18402
34415	131610	0,028804	0,0017779	0,013715	0,096262	0,85944
46409	64740	0,028695	0,034307	0,21577	0,27288	0,44835
23432	28675	0,026727	0,013775	0,059669	0,31707	0,58275
15164	4374,1	0,026519	0,0068586	0,058984	0,24348	0,66416
63165	41137	0,025965	0,0027226	0,020346	0,46607	0,48489
26234	138090	0,025468	0,00036932	0,033297	0,12889	0,81198
87430	33726	0,025014	0,013699	0,12566	0,23033	0,6053
19394	5946,4	0,023436	0,015135	0,053478	0,19188	0,71607
66256	21128	0,023261	0,0017472	0,0080029	0,2199	0,74709
07171	259260	0,02241	0,0048753	0,030074	0,2181	0,72454
48418	248550	0,021983	0,00033394	0,080303	0,42699	0,47039
15163	33279	0,021829	0,020188	0,14328	0,65716	0,15754
65146	147230	0,021747	0,0089859	0,030863	0,21633	0,72208
74225	7018,9	0,021277	0,0082634	0,02536	0,49324	0,45186
30411	19337	0,020628	0	0,061902	0,31804	0,59943
42192	28217	0,020443	0,011234	0,096432	0,28494	0,58696
19409	37469	0,020256	0,0094716	0,20231	0,17441	0,59355
2B258	43818	0,02004	0,011228	0,056552	0,23956	0,67262
33406	3019,8	0,019576	0	0,015233	0,36824	0,59695
05237	28836	0,019178	0,00069358	0,030067	0,23641	0,71366
63425	45654	0,017578	0,0033898	0,03619	0,16746	0,77539
70006	30108	0,017561	0,0078384	0,017105	0,14753	0,80996
33405	2638,9	0,017328	0,048506	0,098527	0,08678	0,74886
43423	37027	0,017196	0,0019445	0,021093	0,6088	0,35096
11413	26148	0,017012	0,0073428	0,092741	0,11821	0,76469
04460	279810	0,016956	0,0027519	0,032773	0,18908	0,75844
40130	82123	0,016402	0,00030442	0,00020701	0,0014612	0,98163
83468	190140	0,016013	0,00068898	0,0055066	0,032866	0,94493
38453	80177	0,015654	0,0045039	0,022488	0,14689	0,81047
34414	29797	0,015323	0,0010068	0,055375	0,47643	0,45187
74228	21224	0,015094	0,0062193	0,094985	0,42545	0,45825
15433	6533,4	0,014959	0,018061	0,010867	0,38877	0,56734
33376	18867	0,014797	0,01298	0,016225	0,15519	0,8008
67307	101900	0,014173	0,0028164	0,0016388	0,072549	0,90882
30414	15739	0,013875	0	0,035072	0,46884	0,48221
34416	65877	0,013728	0,00069827	0,007347	0,18044	0,79778
26461	5341,3	0,012659	0	0,035759	0,11608	0,83551
07425	12625	0,012141	0,00047524	0,0094255	0,15849	0,81947
19433	108070	0,012058	0,0060052	0,066964	0,22214	0,69284
01449	81521	0,011845	0,0043096	0,023107	0,19594	0,7648
33135	21156	0,011466	0,00061913	0,005053	0,020041	0,96282
19420	6795,2	0,011376	0,010596	0,074023	0,37482	0,52918
09393	115100	0,011312	0,0062122	0,022668	0,30382	0,65599
15419	30683	0,011004	0	0,10393	0,51908	0,36598
12419	75612	0,010753	0,0030815	0,084379	0,64383	0,25796
26463	92395	0,010715	0,00082255	0,022306	0,12835	0,83781
88307	178250	0,010419	0,0077195	0,01628	0,1639	0,80168
19430	168060	0,010077	0,0018863	0,061015	0,28426	0,64276
23430	71804	0,0092611	0,0015431	0,051156	0,26706	0,67098
26453	39050	0,0090154	0,0006146	0,048093	0,13957	0,80271
39452	89325	0,008023	0,002203	0,049675	0,29206	0,64804
31472	67459	0,0079313	0,010214	0,014142	0,17923	0,78848
05232	22470	0,0078536	0,0013796	0,017535	0,092212	0,88102
34412	58380	0,0070134	0,0039397	0,030952	0,10872	0,84938
90307	14400	0,0068514	0,0033333	0,0035416	0,18549	0,80079
68307	79374	0,0065718	0,0017134	0,0025827	0,19297	0,79616
15417	34756	0,0061853	0,00031649	0,018817	0,69752	0,27717
66257	11720	0,0061518	0	0,0063139	0,054607	0,93293
15420	148780	0,0057391	0,0049871	0,029519	0,65972	0,30003
83469	31011	0,0054043	0	0,00029644	0,020928	0,97337
74454	17047	0,0051729	0,0004693	0,010559	0,4209	0,56289
07423	10986	0,004414	0	0,024829	0,45678	0,51398
11472	102630	0,0043789	0,000077947	0,016155	0,18855	0,79083
70307	21053	0,0043286	0,004275	0,023417	0,13917	0,8288
48410	75475	0,0042661	0,00027824	0,0076449	0,12599	0,86182
83248	29152	0,0038365	0,00037733	0,0019895	0,011286	0,98251
73453	13529	0,0035044	0,0023709	0,007238	0,29337	0,69352
25452	132570	0,0035009	0,00044504	0,013389	0,54271	0,43995
15421	31385	0,0032725	0,010578	0,011247	0,51684	0,45807
64142	66302	0,0028481	0,0058218	0,011644	0,17183	0,80785
13469	17515	0,0028384	0	0,001199	0,002455	0,99351
73229	81183	0,0027211	0,000086224	0,0040279	0,29915	0,69401
2B259	114320	0,0026011	0,0017407	0,019042	0,22513	0,75148
63166	91393	0,0025553	0,00041579	0,0065103	0,64932	0,3412
48419	25566	0,0025285	0	0,028084	0,72976	0,23963
30410	109330	0,0025107	0,000064027	0,0013537	0,037483	0,95859
74223	28824	0,0019644	0,0010061	0,0017694	0,25378	0,74148
64140	61294	0,001925	0,011119	0,040298	0,35778	0,58887
84463	11266	0,0011667	0	0,0014202	0,0014202	0,99599
73456	30585	0,0011152	0,000066915	0,0013063	0,30263	0,69488
63417	13108	0,00092995	0	0,00053401	0,81825	0,18028
2B260	190730	0,00081545	0,00098042	0,0071198	0,24855	0,74253
06250	209510	0,00071578	0,000052504	0,0014415	0,16547	0,83232
74224	45688	0,00071074	0,00067851	0,0033925	0,25398	0,74124
05231	26407	0,00069697	0	0,001439	0,17385	0,82401
66472	19294	0,00064325	0	0,00029712	0,16321	0,83585
74227	37896	0,0006214	0,00018472	0,0016625	0,33178	0,66575
66253	57552	0,00053319	0,00092091	0,0022067	0,14872	0,84762
05457	36876	0,00051561	0,00020489	0,0058304	0,24116	0,75229
09472	137980	0,00041903	0,0002899	0,00070302	0,16235	0,83624
83247	68077	0,00041613	0	0,0018362	0,014733	0,98301
74456	6966,3	0,00037762	0	0	0,21705	0,78258
63421	14518	0,0003451	0	0,0035128	0,57761	0,41853
73458	79287	0,00034162	0,00007486	0,0020314	0,33799	0,65956
06249	21076	0,00033212	0	0,00014234	0,029986	0,96954
74458	14390	0,00020195	0	0,00090338	0,17665	0,82225
73454	15986	0,00019042	0,000063684	0,00012399	0,28914	0,71049
06245	44968	0,00017877	0	0,00013343	0,096957	0,90273
73230	18542	0,00011914	0	0	0,42023	0,57965
66255	72774	0,00010931	0,0046182	0,00034874	0,18685	0,80807
39449	45487	0,000087937	0	0,00085739	0,18695	0,8121
2A259	159250	0,000066705	0,00029513	0,0041757	0,19065	0,80482
2A260	135490	0,000031942	0,000029522	0,00065686	0,13244	0,86685
2A258	44008	1,12E-06	0,00036357	0,0091575	0,24384	0,74663
19421	1270,2	0	0,0086601	0,026768	0,48497	0,47961
25449	30831	0	0	0	0,30888	0,69112
66254	3467,7	0	0	0	0,012823	0,98718
66470	20902	0	0	0,000028133	0,015425	0,98455
95329	1711,4	0	0	0	0,00090106	0,9991
